Phase 1.5: MIDAS Hyperparameter Grid Search
============================================================

Grid 범위:
  K: [22, 44, 66]
  poly_degree: [1, 2, 3]
  window: [36, 60, 84]
  총 조합: 27

결과 (상관계수 낮은 순):
--------------------------------------------------------------------------------
   K  poly  window        ρ     n  peak_lag   entropy
--------------------------------------------------------------------------------
  66     2      60   0.8827   143         5   -0.0000
  22     2      60   0.8868   143         2    0.2082
  66     3      60   0.9018   143         5   -0.0000
  44     2      60   0.9021   143         5   -0.0000
  44     2      84   0.9042   119         5   -0.0000
  66     2      84   0.9042   119         5   -0.0000
  22     2      84   0.9043   119         5   -0.0000
  44     3      60   0.9049   143         4   -0.0000
  66     3      84   0.9073   119         4   -0.0000
  44     2      36   0.9075   167         5    0.6759
  22     2      36   0.9256   167         2   -0.0000
  44     3      84   0.9319   119         4    0.6900
  22     3      36   0.9586   167         3    0.6760
  66     2      36   0.9603   167         1    0.5495
  44     3      36   0.9643   167         1    0.5495
  66     3      36   0.9645   167         1    0.5495
  22     3      60   0.9725   143         1   -0.0000
  22     3      84   0.9844   119         1   -0.0000
  22     1      84   0.9988   119         1   -0.0000
  44     1      84   0.9988   119         1   -0.0000
  66     1      84   0.9988   119         1   -0.0000
  22     1      60   0.9992   143         1   -0.0000
  44     1      60   0.9992   143         1   -0.0000
  66     1      60   0.9992   143         1   -0.0000
  44     1      36   0.9993   167         1   -0.0000
  66     1      36   0.9993   167         1   -0.0000
  22     1      36   0.9993   167         1   -0.0000
--------------------------------------------------------------------------------

최적 설정: K=66, poly_degree=2, window=60
최적 상관계수: 0.8827
ρ < 0.9 달성: 예
ρ < 0.85 달성: 아니오
